##FastQC	0.10.0
>>Basic Statistics	pass
#Measure	Value	
Filename	Coelmyces1_R1.fastq	
File type	Conventional base calls	
Encoding	Sanger / Illumina 1.9	
Total Sequences	50591974	
Filtered Sequences	0	
Sequence length	101	
%GC	52	
>>END_MODULE
>>Per base sequence quality	pass
#Base	Mean	Median	Lower Quartile	Upper Quartile	10th Percentile	90th Percentile
1	32.231802716375526	33.0	31.0	34.0	31.0	34.0
2	32.33120601303282	34.0	31.0	34.0	30.0	34.0
3	32.465334086390854	34.0	31.0	34.0	31.0	34.0
4	36.092734808094264	37.0	35.0	37.0	35.0	37.0
5	35.98906247461307	37.0	35.0	37.0	35.0	37.0
6	36.03587146056013	37.0	35.0	37.0	35.0	37.0
7	35.97227817202784	37.0	35.0	37.0	35.0	37.0
8	35.960112428109646	37.0	35.0	37.0	35.0	37.0
9	37.707503526152195	39.0	37.0	39.0	35.0	39.0
10-14	37.89405595836209	39.2	37.2	39.4	35.0	39.4
15-19	38.860180083109626	40.0	38.0	41.0	35.0	41.0
20-24	38.67216681839693	40.0	38.0	41.0	34.0	41.0
25-29	38.30877883120354	40.0	38.0	41.0	33.4	41.0
30-34	37.77223779803492	40.0	37.0	41.0	32.4	41.0
35-39	37.11153616579578	39.0	35.6	41.0	31.0	41.0
40-44	36.590859226010835	38.6	35.0	40.6	30.4	41.0
45-49	36.04015466168606	37.8	34.8	40.0	30.0	41.0
50-54	35.81174831011733	36.8	34.6	40.0	30.0	41.0
55-59	35.27661216777191	35.6	34.0	40.0	29.8	41.0
60-64	34.62967824896494	35.0	34.0	39.0	28.6	41.0
65-69	33.97672197174991	35.0	33.0	37.6	28.0	40.6
70-74	33.27102406401458	35.0	33.0	36.0	26.4	39.2
75-79	32.249716419446294	34.6	32.0	35.0	25.8	37.4
80-84	32.27931668766275	35.0	33.0	35.0	26.4	35.8
85-89	31.76539991106099	35.0	32.2	35.0	25.0	35.0
90-94	31.321641638256686	34.8	32.0	35.0	24.4	35.0
95-99	30.77027343111775	34.0	31.6	35.0	22.4	35.0
100-101	29.661062572889527	33.5	30.0	35.0	10.5	35.0
>>END_MODULE
>>Per sequence quality scores	pass
#Quality	Count
2	75.0
3	164.0
4	401.0
5	1265.0
6	3711.0
7	10682.0
8	25180.0
9	40253.0
10	53655.0
11	64874.0
12	71284.0
13	76512.0
14	81504.0
15	88654.0
16	97855.0
17	107466.0
18	118100.0
19	127303.0
20	137749.0
21	155120.0
22	179554.0
23	220950.0
24	280678.0
25	360950.0
26	462231.0
27	588094.0
28	744874.0
29	937680.0
30	1181450.0
31	1494838.0
32	1919840.0
33	2549898.0
34	3664925.0
35	6215890.0
36	9983227.0
37	9121767.0
38	8158163.0
39	1264333.0
40	825.0
>>END_MODULE
>>Per base sequence content	fail
#Base	G	A	T	C
1	46.1126911300891	18.716397619497556	9.65797297777889	25.512938272634457
2	21.01893869569114	19.885628499097503	31.498371658714085	27.59706114649727
3	21.607463461393714	22.602919894319985	27.914515995898796	27.87510064838751
4	14.84890047958448	15.07918625979828	34.65420892003686	35.417704340580386
5	16.791471706559623	33.26827097120187	32.86345181945263	17.076805502785877
6	34.94493019782149	34.678567790219056	16.02243272816356	14.354069283795884
7	29.083686277985514	28.34415197952149	21.473718341174035	21.098443401318953
8	27.79686754266596	30.940217908872263	19.6553133111588	21.607601237302976
9	24.894634473049027	12.7527816961639	19.345687124206698	43.00689670658038
10-14	27.117734129132813	20.165414775078748	25.520042764095347	27.196808331693084
15-19	26.700625133359573	24.314145795532678	22.672152029966234	26.313077041141508
20-24	26.63140521063677	23.429088574405103	23.39389880299986	26.545607411958265
25-29	26.698902495863308	23.291556358411245	23.403844594292813	26.605696551432633
30-34	26.490079667011013	23.53139704155814	23.47309185086973	26.505431440561118
35-39	26.084955776477504	23.12742822507621	24.03046777180492	26.75714822664137
40-44	25.11129625610799	21.605215925458026	25.953492956376323	27.329994862057667
45-49	22.851447940497398	21.23486419332036	28.601015021270527	27.312672844911713
50-54	20.443956098174628	22.81777638230191	28.701054358274337	28.037213161249124
55-59	18.8768247964719	22.61506237622877	28.764044374189602	29.74406845310973
60-64	19.184152048795564	22.52057666623512	26.378483100162704	31.91678818480661
65-69	19.527301659230087	22.994870978412425	23.947385994763035	33.53044136759445
70-74	19.784177247964603	23.303492850341204	22.49496083756082	34.417369064133375
75-79	20.40449657262992	23.01158889024509	22.15254648021911	34.431368056905875
80-84	20.191701612619163	22.76094960336687	22.50828420651013	34.53906457750384
85-89	20.480215308030903	21.857860620007063	24.01073535629875	33.65118871566328
90-94	21.031913501273507	20.26443155839484	24.758970632151012	33.94468430818065
95-99	20.50239867155595	18.404016923663814	27.432053419457457	33.66153098532278
100-101	20.83601989772425	17.514039664789507	28.55588404795007	33.09405638953617
>>END_MODULE
>>Per base GC content	fail
#Base	%GC
1	71.62562940272356
2	48.61599984218841
3	49.482564109781215
4	50.266604820164865
5	33.8682772093455
6	49.29899948161738
7	50.18212967930447
8	49.40446877996894
9	67.9015311796294
10-14	54.3145424608259
15-19	53.013702174501084
20-24	53.17701262259504
25-29	53.304599047295945
30-34	52.99551110757213
35-39	52.84210400311887
40-44	52.44129111816566
45-49	50.16412078540912
50-54	48.48116925942375
55-59	48.620893249581634
60-64	51.100940233602174
65-69	53.05774302682453
70-74	54.20154631209798
75-79	54.83586462953579
80-84	54.730766190123006
85-89	54.13140402369419
90-94	54.976597809454155
95-99	54.16392965687873
100-101	53.93007628726042
>>END_MODULE
>>Per sequence GC content	fail
#GC Content	Count
0	5.0
1	10.0
2	23.5
3	61.5
4	130.0
5	231.5
6	380.0
7	577.0
8	835.5
9	1183.0
10	1673.0
11	2186.5
12	2749.5
13	3517.0
14	4531.0
15	5707.5
16	7116.0
17	9074.0
18	11383.0
19	14205.5
20	17914.5
21	22500.0
22	28832.5
23	37609.0
24	49695.5
25	66074.0
26	86408.0
27	109807.5
28	137948.0
29	171664.0
30	212278.5
31	260154.5
32	315751.5
33	381367.0
34	454809.0
35	533151.0
36	617560.5
37	705098.0
38	791258.5
39	877869.0
40	963570.0
41	1049419.0
42	1132595.0
43	1206405.5
44	1271456.0
45	1322246.5
46	1344693.0
47	1331634.5
48	1282465.0
49	1204630.0
50	1118987.0
51	1053180.0
52	1043682.5
53	1118587.0
54	1290719.0
55	1546582.5
56	1851410.5
57	2152545.0
58	2378138.5
59	2481369.0
60	2447799.5
61	2299496.5
62	2073361.5
63	1803803.5
64	1533052.0
65	1283181.5
66	1062773.5
67	875928.0
68	717621.5
69	583714.0
70	470472.5
71	371916.5
72	287841.0
73	218203.5
74	159775.0
75	112527.0
76	75893.5
77	49502.5
78	31115.5
79	18746.0
80	11069.0
81	6541.0
82	3833.0
83	2247.0
84	1385.0
85	869.5
86	554.0
87	357.0
88	246.5
89	172.5
90	111.5
91	80.0
92	55.0
93	39.0
94	24.5
95	12.5
96	4.0
97	2.5
98	2.0
99	0.5
100	0.0
>>END_MODULE
>>Per base N content	pass
#Base	N-Count
1	0.06901489947792905
2	0.0
3	1.185958863751788E-5
4	1.0475969963140795E-4
5	0.0
6	0.0
7	0.0
8	0.0
9	0.0
10-14	0.0
15-19	7.293647012073496E-4
20-24	0.0
25-29	0.0011179638888966855
30-34	0.007278229546844723
35-39	7.732451791661658E-4
40-44	0.0010175527050990342
45-49	1.7473127259276343E-4
50-54	0.006123500933171731
55-59	0.03382868594927725
60-64	0.00990987226550994
65-69	0.004056769953273616
70-74	0.002226044787262106
75-79	0.028557494119521805
80-84	0.035995037473730514
85-89	0.003179160394097293
90-94	0.0074339854776174575
95-99	0.0023311998065147646
100-101	0.0044849011030880116
>>END_MODULE
>>Sequence Length Distribution	pass
#Length	Count
101	5.0591974E7
>>END_MODULE
>>Sequence Duplication Levels	fail
#Total Duplicate Percentage	55.22030128198763
#Duplication Level	Relative count
1	100.0
2	32.71906773553316
3	18.700728470212553
4	12.788699287052745
5	9.628668684651121
6	7.788089456585615
7	6.138220847331715
8	5.082659747862821
9	4.028207431061437
10++	24.882191841577132
>>END_MODULE
>>Overrepresented sequences	pass
>>END_MODULE
>>Kmer Content	fail
#Sequence	Count	Obs/Exp Overall	Obs/Exp Max	Max Obs/Exp Position
TTATA	41140315	10.921419	26.376295	55-59
ATACA	39797595	9.796352	24.72249	55-59
CATCT	58407750	9.688068	24.949276	80-84
ATCTC	56096975	9.304782	24.678722	85-89
TATAC	39638150	8.772202	22.11018	55-59
TGTCT	42241525	8.18049	19.018974	45-49
TCTTA	40880135	8.133834	19.792341	50-54
CTTAT	40835510	8.124956	19.42653	50-54
ACGAG	31153040	8.080417	25.36085	75-79
CGAGA	31118865	8.071552	25.798178	75-79
ACACA	38182070	7.8352137	19.838724	55-59
GAGAC	29748990	7.7162356	25.820047	75-79
CGAGC	37921840	7.3721504	19.561653	65-69
ACATC	39622360	7.3100343	18.637074	60-64
CCGAG	37337775	7.258606	19.59797	65-69
TACAC	38723230	7.1441517	18.244589	55-59
CACAT	38543075	7.110915	18.150518	60-64
GAGCC	36077020	7.0135098	19.03447	65-69
AGACT	28917735	6.92833	23.580227	75-79
CTGTC	42774045	6.9056373	16.138727	45-49
GTCTC	41748870	6.740129	15.922457	50-54
GAGCA	25691135	6.6637173	25.842396	85-89
TCCGA	35602865	6.393235	17.742361	65-69
CACGA	31823720	6.3562217	19.255556	70-74
CTCTT	42424230	6.3265724	15.166459	50-54
TCTCT	42180395	6.2902102	15.081361	50-54
TGAGC	26242010	6.11953	22.91947	85-89
CTGAG	25276945	5.89448	22.490337	80-84
AGCAT	23502425	5.630889	23.657637	85-89
GCCCA	35900760	5.3743167	15.030128	70-74
TCCTG	33114670	5.3461843	16.82945	80-84
AGCCC	35494665	5.3135242	14.787153	70-74
CCTGA	28138205	5.052801	17.812477	80-84
CCACG	33709625	5.0463047	14.8547535	70-74
GACTC	28024145	5.0323186	17.292461	75-79
CTCCG	36616870	4.928202	13.150609	65-69
AAAAA	13010480	4.7527146	8.54368	15-19
TCTCC	38219300	4.751394	12.153072	60-64
GCATC	24442365	4.3891354	17.482975	85-89
GTATG	14807985	4.1422195	27.619236	95-97
ACTCC	28107930	3.8866856	13.541078	80-84
CCCAC	33418015	3.8522549	11.498108	70-74
CTCCT	29161100	3.6252854	12.48627	80-84
TCGTA	16753465	3.6087482	20.997257	90-94
CCTGT	21806510	3.5205433	7.769938	45-49
CGTAT	15612215	3.36292	21.057634	95-97
TCTCG	19603985	3.1649573	15.677856	90-94
TATGC	14221635	3.0633843	21.333487	95-97
GCTGT	14150860	2.9668224	6.104598	45-49
TGCCG	16862910	2.9473047	17.16521	95-97
CTCGT	18015960	2.9085793	15.752114	90-94
ATGCC	16082760	2.8879943	17.864988	95-97
GCCGT	13665775	2.388508	16.289686	95-97
AAAAT	7045825	2.3140242	5.091911	5
TGCTG	10917880	2.2890065	8.072536	2
GCTGG	10008255	2.271622	8.117035	3
AGCTG	9024050	2.1043715	6.066883	7
GGCTG	9163855	2.0799644	5.572855	7
AAAAG	5636235	2.0039835	6.2308044	5
TAAAA	6086835	1.9990679	8.905756	4
GAAGA	5325720	1.8430626	5.821414	6
GCAGG	7282315	1.8384823	7.17721	3
AGCAG	7060490	1.8313365	7.36323	7
AAAGA	5128620	1.8234992	5.4068236	6
TTCTG	9329955	1.806838	15.718887	95-97
GTCTT	9064135	1.7553594	17.100163	95-97
CAGCA	8560730	1.7098534	7.43597	4
GGTGG	5747490	1.6941081	5.0355916	8
TGATG	6027835	1.686159	5.07105	5
ATAAA	5127390	1.6839623	9.399467	3
GCAGC	8432025	1.6392179	5.1524954	8
TCTTC	10955125	1.6336982	13.264044	95-97
TGAAG	5094385	1.5850437	5.7395306	5
CCGTC	11677240	1.57162	12.125975	95-97
GCCAG	8074530	1.5697194	5.198316	2
CGTCT	9644335	1.5570259	14.287786	95-97
CTGCT	9611355	1.5517013	8.30056	95-97
AATAA	4634890	1.5222131	7.8453918	2
GGTGA	4987895	1.5105096	5.3485126	8
AGAAG	4345940	1.5039918	5.7440505	5
GGCCG	7914645	1.49759	5.343527	7
TTGAA	5178365	1.4882405	5.966663	4
TTTTA	6156635	1.4694085	6.4411454	2
TTAAA	4858600	1.4346133	6.0889645	4
CTTCT	9397730	1.4014496	13.044836	95-97
GGCCA	7114745	1.3831336	6.0849223	1
AAAAC	4838380	1.324707	5.777153	5
TGCAG	5645945	1.3166114	6.188906	2
CAGCG	6743865	1.3110331	5.9620976	9
GATCA	5416650	1.2977619	5.852677	1
TGGCC	7409320	1.2950033	5.5174084	5
TTTAA	4849260	1.2873213	5.1499276	3
CTGGA	5517105	1.2865663	7.0127125	4
CAGGG	5026995	1.2691076	6.829404	4
AATAT	4269685	1.2607226	5.4953117	5
CAGGA	4694560	1.217666	6.725663	4
TTTAT	5081320	1.2127624	6.228073	3
CAAGG	4610395	1.1958354	7.428265	4
TCTGC	7061005	1.139961	10.950282	95-97
ATATT	4290430	1.1389699	5.3214893	1
CCAGG	5858755	1.1389643	5.3120074	3
TGGAG	3722080	1.1271764	5.1274996	5
AAGGC	4338235	1.1252431	5.332276	5
CAGAA	4215090	1.1232681	5.1662216	4
CTGGG	4946170	1.122656	5.8972244	4
AGGTG	3694190	1.1187303	5.61035	7
AAAGG	3228980	1.1174475	5.196127	5
TTATT	4635375	1.1063284	5.439321	4
GTTTT	4701525	1.092181	5.4355326	1
CTGAT	5028420	1.0831373	5.257923	9
TGGGC	4769900	1.0826472	5.477978	5
AGGGC	4266985	1.0772367	5.1193852	5
AACTG	4454100	1.067147	5.0780873	7
AACAG	3986990	1.0624822	6.767074	7
TAAAG	3234400	1.0339189	6.4674525	4
GAACA	3856150	1.0276152	5.996755	6
ATAAT	3456595	1.0206391	6.554174	3
TCCAG	5506170	0.9887474	5.117083	2
GAATA	2969460	0.9492274	7.294397	1
ATTAA	3174210	0.9372585	5.1417923	3
ATTAT	3477215	0.9230878	6.031227	3
TCAAG	3815685	0.91419065	5.24737	3
TGCTT	4461490	0.86401165	6.196284	95-97
TGAAC	3403255	0.8153776	5.181954	5
TATAA	2702255	0.7979029	6.5871067	2
TAATA	2672520	0.78912294	6.2080946	4
ATAGA	2363235	0.7554394	5.092177	3
ATATA	2551360	0.7533477	5.239217	1
GTATT	2861305	0.7393198	6.811284	1
AATAC	2939065	0.72346365	5.7161036	5
TATTA	2699335	0.71658593	6.09495	2
GGATA	2244320	0.6982874	5.6157923	1
GTGCA	2844495	0.66332465	5.1604958	1
GTATA	1504120	0.43227783	5.471812	1
>>END_MODULE
